#,Time,%Passes,Change,Test,Pass,Partial,Fail,Untested
0,Sat Feb 01 17:34:07 EST 2020,55,55,Assignment1Suite,ClearTest1+ EverythingTest1+ GetTest0+ GetTest1+ InsertTest3+ InsortTest0+ InsortTest1+ SizeTest0+ SizeTest1+ SizeTest2+ SizeTest3+ , ,ClearTest0- EverythingTest0- InsertTest0- InsertTest1- InsertTest2- RemoveTest0- RemoveTest1- RemoveTest2- RemoveTest3- , ,
1,Sat Feb 01 17:35:42 EST 2020,55,0,Assignment1Suite,ClearTest1 EverythingTest1 GetTest0 GetTest1 InsertTest3 InsortTest0 InsortTest1 SizeTest0 SizeTest1 SizeTest2 SizeTest3 , ,ClearTest0 EverythingTest0 InsertTest0 InsertTest1 InsertTest2 RemoveTest0 RemoveTest1 RemoveTest2 RemoveTest3 , ,
2,Sat Feb 01 17:36:09 EST 2020,55,0,Assignment1Suite,ClearTest1 EverythingTest1 GetTest0 GetTest1 InsertTest3 InsortTest0 InsortTest1 SizeTest0 SizeTest1 SizeTest2 SizeTest3 , ,ClearTest0 EverythingTest0 InsertTest0 InsertTest1 InsertTest2 RemoveTest0 RemoveTest1 RemoveTest2 RemoveTest3 , ,
3,Sat Feb 01 17:36:50 EST 2020,55,0,Assignment1Suite,ClearTest1 EverythingTest1 GetTest0 GetTest1 InsertTest3 InsortTest0 InsortTest1 SizeTest0 SizeTest1 SizeTest2 SizeTest3 , ,ClearTest0 EverythingTest0 InsertTest0 InsertTest1 InsertTest2 RemoveTest0 RemoveTest1 RemoveTest2 RemoveTest3 , ,
4,Sat Feb 01 17:42:51 EST 2020,50,-5,Assignment1Suite,ClearTest1 EverythingTest1 GetTest1 InsertTest3 InsortTest0 InsortTest1 SizeTest0 SizeTest1 SizeTest2 SizeTest3 , ,ClearTest0 EverythingTest0 GetTest0- InsertTest0 InsertTest1 InsertTest2 RemoveTest0 RemoveTest1 RemoveTest2 RemoveTest3 , ,
5,Sat Feb 01 17:44:46 EST 2020,55,5,Assignment1Suite,ClearTest1 EverythingTest1 GetTest0+ GetTest1 InsertTest3 InsortTest0 InsortTest1 SizeTest0 SizeTest1 SizeTest2 SizeTest3 , ,ClearTest0 EverythingTest0 InsertTest0 InsertTest1 InsertTest2 RemoveTest0 RemoveTest1 RemoveTest2 RemoveTest3 , ,
6,Sat Feb 01 17:49:38 EST 2020,75,20,Assignment1Suite,ClearTest1 EverythingTest1 GetTest0 GetTest1 InsertTest0+ InsertTest2+ InsertTest3 InsortTest0 InsortTest1 RemoveTest0+ RemoveTest3+ SizeTest0 SizeTest1 SizeTest2 SizeTest3 , ,ClearTest0 EverythingTest0 InsertTest1 RemoveTest1 RemoveTest2 , ,
7,Sat Feb 01 17:52:44 EST 2020,75,0,Assignment1Suite,ClearTest1 EverythingTest1 GetTest0 GetTest1 InsertTest0 InsertTest2 InsertTest3 InsortTest0 InsortTest1 RemoveTest0 RemoveTest3 SizeTest0 SizeTest1 SizeTest2 SizeTest3 , ,ClearTest0 EverythingTest0 InsertTest1 RemoveTest1 RemoveTest2 , ,
8,Sat Feb 01 17:57:16 EST 2020,85,10,Assignment1Suite,ClearTest0+ ClearTest1 EverythingTest1 GetTest0 GetTest1 InsertTest0 InsertTest1+ InsertTest2 InsertTest3 InsortTest0 InsortTest1 RemoveTest0 RemoveTest3 SizeTest0 SizeTest1 SizeTest2 SizeTest3 , ,EverythingTest0 RemoveTest1 RemoveTest2 , ,
9,Sat Feb 01 17:58:38 EST 2020,85,0,Assignment1Suite,ClearTest0 ClearTest1 EverythingTest1 GetTest0 GetTest1 InsertTest0 InsertTest1 InsertTest2 InsertTest3 InsortTest0 InsortTest1 RemoveTest0 RemoveTest3 SizeTest0 SizeTest1 SizeTest2 SizeTest3 , ,EverythingTest0 RemoveTest1 RemoveTest2 , ,
10,Sat Feb 01 18:07:01 EST 2020,85,0,Assignment1Suite,ClearTest0 ClearTest1 EverythingTest1 GetTest0 GetTest1 InsertTest0 InsertTest1 InsertTest2 InsertTest3 InsortTest0 InsortTest1 RemoveTest0 RemoveTest3 SizeTest0 SizeTest1 SizeTest2 SizeTest3 , ,EverythingTest0 RemoveTest1 RemoveTest2 , ,
11,Sat Feb 01 18:11:58 EST 2020,85,0,Assignment1Suite,ClearTest0 ClearTest1 EverythingTest1 GetTest0 GetTest1 InsertTest0 InsertTest1 InsertTest2 InsertTest3 InsortTest0 InsortTest1 RemoveTest0 RemoveTest3 SizeTest0 SizeTest1 SizeTest2 SizeTest3 , ,EverythingTest0 RemoveTest1 RemoveTest2 , ,
12,Sat Feb 01 18:12:19 EST 2020,85,0,Assignment1Suite,ClearTest0 ClearTest1 EverythingTest1 GetTest0 GetTest1 InsertTest0 InsertTest1 InsertTest2 InsertTest3 InsortTest0 InsortTest1 RemoveTest0 RemoveTest3 SizeTest0 SizeTest1 SizeTest2 SizeTest3 , ,EverythingTest0 RemoveTest1 RemoveTest2 , ,
13,Sat Feb 01 18:12:52 EST 2020,85,0,Assignment1Suite,ClearTest0 ClearTest1 EverythingTest1 GetTest0 GetTest1 InsertTest0 InsertTest1 InsertTest2 InsertTest3 InsortTest0 InsortTest1 RemoveTest0 RemoveTest3 SizeTest0 SizeTest1 SizeTest2 SizeTest3 , ,EverythingTest0 RemoveTest1 RemoveTest2 , ,
14,Sat Feb 01 18:14:40 EST 2020,85,0,Assignment1Suite,ClearTest0 ClearTest1 EverythingTest1 GetTest0 GetTest1 InsertTest0 InsertTest1 InsertTest2 InsertTest3 InsortTest0 InsortTest1 RemoveTest0 RemoveTest3 SizeTest0 SizeTest1 SizeTest2 SizeTest3 , ,EverythingTest0 RemoveTest1 RemoveTest2 , ,
15,Sat Feb 01 18:15:04 EST 2020,85,0,Assignment1Suite,ClearTest0 ClearTest1 EverythingTest1 GetTest0 GetTest1 InsertTest0 InsertTest1 InsertTest2 InsertTest3 InsortTest0 InsortTest1 RemoveTest0 RemoveTest3 SizeTest0 SizeTest1 SizeTest2 SizeTest3 , ,EverythingTest0 RemoveTest1 RemoveTest2 , ,
16,Sat Feb 01 18:17:52 EST 2020,90,5,Assignment1Suite,ClearTest0 ClearTest1 EverythingTest1 GetTest0 GetTest1 InsertTest0 InsertTest1 InsertTest2 InsertTest3 InsortTest0 InsortTest1 RemoveTest0 RemoveTest2+ RemoveTest3 SizeTest0 SizeTest1 SizeTest2 SizeTest3 , ,EverythingTest0 RemoveTest1 , ,
17,Sat Feb 01 18:41:45 EST 2020,75,-15,Assignment1Suite,ClearTest0 ClearTest1 GetTest0 GetTest1 InsertTest0 InsertTest1 InsertTest2 InsertTest3 RemoveTest0 RemoveTest2 RemoveTest3 SizeTest0 SizeTest1 SizeTest2 SizeTest3 , ,EverythingTest0 EverythingTest1- InsortTest0- InsortTest1- RemoveTest1 , ,
18,Sat Feb 01 19:14:47 EST 2020,75,0,Assignment1Suite,ClearTest0 ClearTest1 GetTest0 GetTest1 InsertTest0 InsertTest1 InsertTest2 InsertTest3 RemoveTest0 RemoveTest2 RemoveTest3 SizeTest0 SizeTest1 SizeTest2 SizeTest3 , ,EverythingTest0 EverythingTest1 InsortTest0 InsortTest1 RemoveTest1 , ,
19,Sat Feb 01 19:15:11 EST 2020,90,15,Assignment1Suite,ClearTest0 ClearTest1 EverythingTest1+ GetTest0 GetTest1 InsertTest0 InsertTest1 InsertTest2 InsertTest3 InsortTest0+ InsortTest1+ RemoveTest0 RemoveTest2 RemoveTest3 SizeTest0 SizeTest1 SizeTest2 SizeTest3 , ,EverythingTest0 RemoveTest1 , ,
20,Sat Feb 01 19:16:32 EST 2020,90,0,Assignment1Suite,ClearTest0 ClearTest1 EverythingTest1 GetTest0 GetTest1 InsertTest0 InsertTest1 InsertTest2 InsertTest3 InsortTest0 InsortTest1 RemoveTest0 RemoveTest2 RemoveTest3 SizeTest0 SizeTest1 SizeTest2 SizeTest3 , ,EverythingTest0 RemoveTest1 , ,
21,Sat Feb 01 19:21:05 EST 2020,90,0,Assignment1Suite,ClearTest0 ClearTest1 EverythingTest1 GetTest0 GetTest1 InsertTest0 InsertTest1 InsertTest2 InsertTest3 InsortTest0 InsortTest1 RemoveTest0 RemoveTest2 RemoveTest3 SizeTest0 SizeTest1 SizeTest2 SizeTest3 , ,EverythingTest0 RemoveTest1 , ,
22,Sat Feb 01 19:22:50 EST 2020,100,10,Assignment1Suite,ClearTest0 ClearTest1 EverythingTest0+ EverythingTest1 GetTest0 GetTest1 InsertTest0 InsertTest1 InsertTest2 InsertTest3 InsortTest0 InsortTest1 RemoveTest0 RemoveTest1+ RemoveTest2 RemoveTest3 SizeTest0 SizeTest1 SizeTest2 SizeTest3 , , , ,
23,Sat Feb 01 19:23:04 EST 2020,100,0,Assignment1Suite,ClearTest0 ClearTest1 EverythingTest0 EverythingTest1 GetTest0 GetTest1 InsertTest0 InsertTest1 InsertTest2 InsertTest3 InsortTest0 InsortTest1 RemoveTest0 RemoveTest1 RemoveTest2 RemoveTest3 SizeTest0 SizeTest1 SizeTest2 SizeTest3 , , , ,
24,Sat Feb 01 19:26:18 EST 2020,100,0,Assignment1Suite,ClearTest0 ClearTest1 EverythingTest0 EverythingTest1 GetTest0 GetTest1 InsertTest0 InsertTest1 InsertTest2 InsertTest3 InsortTest0 InsortTest1 RemoveTest0 RemoveTest1 RemoveTest2 RemoveTest3 SizeTest0 SizeTest1 SizeTest2 SizeTest3 , , , ,
25,Sat Feb 01 23:06:57 EST 2020,20,-80,Assignment1Suite,GetTest1 InsertTest3 SizeTest0 SizeTest1 , ,ClearTest0- ClearTest1- EverythingTest0- EverythingTest1- GetTest0- InsertTest0- InsertTest1- InsertTest2- InsortTest0- InsortTest1- RemoveTest0- RemoveTest1- RemoveTest2- RemoveTest3- SizeTest2- SizeTest3- , ,
26,Sat Feb 01 23:07:20 EST 2020,20,0,Assignment1Suite,GetTest1 InsertTest3 SizeTest0 SizeTest1 , ,ClearTest0 ClearTest1 EverythingTest0 EverythingTest1 GetTest0 InsertTest0 InsertTest1 InsertTest2 InsortTest0 InsortTest1 RemoveTest0 RemoveTest1 RemoveTest2 RemoveTest3 SizeTest2 SizeTest3 , ,
27,Sat Feb 01 23:07:37 EST 2020,85,65,Assignment1Suite,ClearTest0+ ClearTest1+ EverythingTest0+ GetTest0+ GetTest1 InsertTest0+ InsertTest1+ InsertTest2+ InsertTest3 RemoveTest0+ RemoveTest1+ RemoveTest2+ RemoveTest3+ SizeTest0 SizeTest1 SizeTest2+ SizeTest3+ , ,EverythingTest1 InsortTest0 InsortTest1 , ,
28,Sat Feb 01 23:10:18 EST 2020,100,15,Assignment1Suite,ClearTest0 ClearTest1 EverythingTest0 EverythingTest1+ GetTest0 GetTest1 InsertTest0 InsertTest1 InsertTest2 InsertTest3 InsortTest0+ InsortTest1+ RemoveTest0 RemoveTest1 RemoveTest2 RemoveTest3 SizeTest0 SizeTest1 SizeTest2 SizeTest3 , , , ,
29,Mon Feb 03 02:18:38 EST 2020,95,-5,Assignment1Suite,ClearTest0 ClearTest1 EverythingTest0 GetTest0 GetTest1 InsertTest0 InsertTest1 InsertTest2 InsertTest3 InsortTest0 InsortTest1 RemoveTest0 RemoveTest1 RemoveTest2 RemoveTest3 SizeTest0 SizeTest1 SizeTest2 SizeTest3 , ,EverythingTest1- , ,
30,Mon Feb 03 02:28:19 EST 2020,100,5,Assignment1Suite,ClearTest0 ClearTest1 EverythingTest0 EverythingTest1+ GetTest0 GetTest1 InsertTest0 InsertTest1 InsertTest2 InsertTest3 InsortTest0 InsortTest1 RemoveTest0 RemoveTest1 RemoveTest2 RemoveTest3 SizeTest0 SizeTest1 SizeTest2 SizeTest3 , , , ,
31,Mon Feb 03 02:31:29 EST 2020,95,-5,Assignment1Suite,ClearTest0 ClearTest1 EverythingTest0 EverythingTest1 GetTest0 GetTest1 InsertTest0 InsertTest1 InsertTest2 InsertTest3 InsortTest0 InsortTest1 RemoveTest0 RemoveTest1 RemoveTest3 SizeTest0 SizeTest1 SizeTest2 SizeTest3 , ,RemoveTest2- , ,
32,Mon Feb 03 02:32:38 EST 2020,100,5,Assignment1Suite,ClearTest0 ClearTest1 EverythingTest0 EverythingTest1 GetTest0 GetTest1 InsertTest0 InsertTest1 InsertTest2 InsertTest3 InsortTest0 InsortTest1 RemoveTest0 RemoveTest1 RemoveTest2+ RemoveTest3 SizeTest0 SizeTest1 SizeTest2 SizeTest3 , , , ,
33,Mon Feb 03 02:36:15 EST 2020,40,-60,Assignment1Suite,ClearTest1 GetTest0 GetTest1 InsertTest3 SizeTest0 SizeTest1 SizeTest2 SizeTest3 , ,ClearTest0- EverythingTest0- EverythingTest1- InsertTest0- InsertTest1- InsertTest2- InsortTest0- InsortTest1- RemoveTest0- RemoveTest1- RemoveTest2- RemoveTest3- , ,
34,Mon Feb 03 02:36:45 EST 2020,75,35,Assignment1Suite,ClearTest1 GetTest0 GetTest1 InsertTest0+ InsertTest2+ InsertTest3 InsortTest1+ RemoveTest0+ RemoveTest1+ RemoveTest2+ RemoveTest3+ SizeTest0 SizeTest1 SizeTest2 SizeTest3 , ,ClearTest0 EverythingTest0 EverythingTest1 InsertTest1 InsortTest0 , ,
35,Mon Feb 03 02:39:48 EST 2020,35,-40,Assignment1Suite,GetTest0 GetTest1 InsertTest3 SizeTest0 SizeTest1 SizeTest2 SizeTest3 , ,ClearTest0 ClearTest1- EverythingTest0 EverythingTest1 InsertTest0- InsertTest1 InsertTest2- InsortTest0 InsortTest1- RemoveTest0- RemoveTest1- RemoveTest2- RemoveTest3- , ,
36,Mon Feb 03 02:40:01 EST 2020,100,65,Assignment1Suite,ClearTest0+ ClearTest1+ EverythingTest0+ EverythingTest1+ GetTest0 GetTest1 InsertTest0+ InsertTest1+ InsertTest2+ InsertTest3 InsortTest0+ InsortTest1+ RemoveTest0+ RemoveTest1+ RemoveTest2+ RemoveTest3+ SizeTest0 SizeTest1 SizeTest2 SizeTest3 , , , ,
37,Mon Feb 03 03:15:28 EST 2020,25,-75,Assignment1Suite,GetTest0 GetTest1 InsertTest3 SizeTest0 SizeTest1 , ,ClearTest0- ClearTest1- EverythingTest0- EverythingTest1- InsertTest0- InsertTest1- InsertTest2- InsortTest0- InsortTest1- RemoveTest0- RemoveTest1- RemoveTest2- RemoveTest3- SizeTest2- SizeTest3- , ,
38,Mon Feb 03 03:22:09 EST 2020,20,-5,Assignment1Suite,GetTest1 InsertTest3 SizeTest0 SizeTest1 , ,ClearTest0 ClearTest1 EverythingTest0 EverythingTest1 GetTest0- InsertTest0 InsertTest1 InsertTest2 InsortTest0 InsortTest1 RemoveTest0 RemoveTest1 RemoveTest2 RemoveTest3 SizeTest2 SizeTest3 , ,
39,Mon Feb 03 13:50:52 EST 2020,100,80,Assignment1Suite,ClearTest0+ ClearTest1+ EverythingTest0+ EverythingTest1+ GetTest0+ GetTest1 InsertTest0+ InsertTest1+ InsertTest2+ InsertTest3 InsortTest0+ InsortTest1+ RemoveTest0+ RemoveTest1+ RemoveTest2+ RemoveTest3+ SizeTest0 SizeTest1 SizeTest2+ SizeTest3+ , , , ,
40,Mon Feb 03 13:51:28 EST 2020,25,-75,Assignment1Suite,GetTest0 GetTest1 InsertTest3 SizeTest0 SizeTest1 , ,ClearTest0- ClearTest1- EverythingTest0- EverythingTest1- InsertTest0- InsertTest1- InsertTest2- InsortTest0- InsortTest1- RemoveTest0- RemoveTest1- RemoveTest2- RemoveTest3- SizeTest2- SizeTest3- , ,
41,Mon Feb 03 13:57:46 EST 2020,20,-5,Assignment1Suite,GetTest1 InsertTest3 SizeTest0 SizeTest1 , ,ClearTest0 ClearTest1 EverythingTest0 EverythingTest1 GetTest0- InsertTest0 InsertTest1 InsertTest2 InsortTest0 InsortTest1 RemoveTest0 RemoveTest1 RemoveTest2 RemoveTest3 SizeTest2 SizeTest3 , ,
42,Mon Feb 03 13:58:03 EST 2020,100,80,Assignment1Suite,ClearTest0+ ClearTest1+ EverythingTest0+ EverythingTest1+ GetTest0+ GetTest1 InsertTest0+ InsertTest1+ InsertTest2+ InsertTest3 InsortTest0+ InsortTest1+ RemoveTest0+ RemoveTest1+ RemoveTest2+ RemoveTest3+ SizeTest0 SizeTest1 SizeTest2+ SizeTest3+ , , , ,
43,Mon Feb 03 13:58:50 EST 2020,40,-60,Assignment1Suite,ClearTest1 GetTest0 GetTest1 InsertTest3 SizeTest0 SizeTest1 SizeTest2 SizeTest3 , ,ClearTest0- EverythingTest0- EverythingTest1- InsertTest0- InsertTest1- InsertTest2- InsortTest0- InsortTest1- RemoveTest0- RemoveTest1- RemoveTest2- RemoveTest3- , ,
44,Mon Feb 03 13:59:51 EST 2020,40,0,Assignment1Suite,ClearTest1 GetTest0 GetTest1 InsertTest3 SizeTest0 SizeTest1 SizeTest2 SizeTest3 , ,ClearTest0 EverythingTest0 EverythingTest1 InsertTest0 InsertTest1 InsertTest2 InsortTest0 InsortTest1 RemoveTest0 RemoveTest1 RemoveTest2 RemoveTest3 , ,
45,Mon Feb 03 14:07:09 EST 2020,70,30,Assignment1Suite,ClearTest1 GetTest0 GetTest1 InsertTest0+ InsertTest2+ InsertTest3 InsortTest1+ RemoveTest0+ RemoveTest2+ RemoveTest3+ SizeTest0 SizeTest1 SizeTest2 SizeTest3 , ,ClearTest0 EverythingTest0 EverythingTest1 InsertTest1 InsortTest0 RemoveTest1 , ,
46,Mon Feb 03 14:08:23 EST 2020,70,0,Assignment1Suite,ClearTest1 GetTest0 GetTest1 InsertTest0 InsertTest2 InsertTest3 InsortTest1 RemoveTest0 RemoveTest2 RemoveTest3 SizeTest0 SizeTest1 SizeTest2 SizeTest3 , ,ClearTest0 EverythingTest0 EverythingTest1 InsertTest1 InsortTest0 RemoveTest1 , ,
47,Mon Feb 03 14:19:32 EST 2020,85,15,Assignment1Suite,ClearTest0+ ClearTest1 GetTest0 GetTest1 InsertTest0 InsertTest1+ InsertTest2 InsertTest3 InsortTest0+ InsortTest1 RemoveTest0 RemoveTest2 RemoveTest3 SizeTest0 SizeTest1 SizeTest2 SizeTest3 , ,EverythingTest0 EverythingTest1 RemoveTest1 , ,
48,Mon Feb 03 14:33:15 EST 2020,80,-5,Assignment1Suite,ClearTest0 ClearTest1 GetTest0 GetTest1 InsertTest0 InsertTest1 InsertTest2 InsertTest3 InsortTest0 InsortTest1 RemoveTest2 RemoveTest3 SizeTest0 SizeTest1 SizeTest2 SizeTest3 , ,EverythingTest0 EverythingTest1 RemoveTest0- RemoveTest1 , ,
49,Mon Feb 03 18:05:02 EST 2020,100,20,Assignment1Suite,ClearTest0 ClearTest1 EverythingTest0+ EverythingTest1+ GetTest0 GetTest1 InsertTest0 InsertTest1 InsertTest2 InsertTest3 InsortTest0 InsortTest1 RemoveTest0+ RemoveTest1+ RemoveTest2 RemoveTest3 SizeTest0 SizeTest1 SizeTest2 SizeTest3 , , , ,
50,Mon Feb 03 19:00:57 EST 2020,100,0,Assignment1Suite,ClearTest0 ClearTest1 EverythingTest0 EverythingTest1 GetTest0 GetTest1 InsertTest0 InsertTest1 InsertTest2 InsertTest3 InsortTest0 InsortTest1 RemoveTest0 RemoveTest1 RemoveTest2 RemoveTest3 SizeTest0 SizeTest1 SizeTest2 SizeTest3 , , , ,
51,Mon Feb 03 23:16:37 EST 2020,100,0,Assignment1Suite,ClearTest0 ClearTest1 EverythingTest0 EverythingTest1 GetTest0 GetTest1 InsertTest0 InsertTest1 InsertTest2 InsertTest3 InsortTest0 InsortTest1 RemoveTest0 RemoveTest1 RemoveTest2 RemoveTest3 SizeTest0 SizeTest1 SizeTest2 SizeTest3 , , , ,
