#,Time,%Passes,Change,Test,Pass,Partial,Fail,Untested
0,Mon Feb 17 13:36:24 EST 2020,40,40,Assignment2Suite,EmptyTest0+ FindMinMaxTest0+ FindMinMaxTest1+ HeightTest+ InsertAfterRemoveTest0+ InsertTest0+ InsertTest1+ InsertTest2+ SizeTest0+ SizeTest1+ , ,ContainsTest0- ContainsTest1- EmptyTest1- FindMinMaxTest2- InsertAfterRemoveTest1- InsertAfterRemoveTest2- RemoveTest0- RemoveTest1- RemoveTest2- RemoveTest3- RemoveTest4- RemoveTest5- RemoveTest6- RemoveTest7- SizeTest2- , ,
1,Mon Feb 17 13:39:15 EST 2020,40,0,Assignment2Suite,EmptyTest0 FindMinMaxTest0 FindMinMaxTest1 HeightTest InsertAfterRemoveTest0 InsertTest0 InsertTest1 InsertTest2 SizeTest0 SizeTest1 , ,ContainsTest0 ContainsTest1 EmptyTest1 FindMinMaxTest2 InsertAfterRemoveTest1 InsertAfterRemoveTest2 RemoveTest0 RemoveTest1 RemoveTest2 RemoveTest3 RemoveTest4 RemoveTest5 RemoveTest6 RemoveTest7 SizeTest2 , ,
2,Mon Feb 17 19:19:15 EST 2020,52,12,Assignment2Suite,EmptyTest0 FindMinMaxTest0 FindMinMaxTest1 HeightTest InsertAfterRemoveTest0 InsertAfterRemoveTest1+ InsertAfterRemoveTest2+ InsertTest0 InsertTest1 InsertTest2 SizeTest0 SizeTest1 SizeTest2+ , ,ContainsTest0 ContainsTest1 EmptyTest1 FindMinMaxTest2 RemoveTest0 RemoveTest1 RemoveTest2 RemoveTest3 RemoveTest4 RemoveTest5 RemoveTest6 RemoveTest7 , ,
3,Mon Feb 17 19:22:56 EST 2020,56,4,Assignment2Suite,ContainsTest0+ EmptyTest0 FindMinMaxTest0 FindMinMaxTest1 HeightTest InsertAfterRemoveTest0 InsertAfterRemoveTest1 InsertAfterRemoveTest2 InsertTest0 InsertTest1 InsertTest2 SizeTest0 SizeTest1 SizeTest2 , ,ContainsTest1 EmptyTest1 FindMinMaxTest2 RemoveTest0 RemoveTest1 RemoveTest2 RemoveTest3 RemoveTest4 RemoveTest5 RemoveTest6 RemoveTest7 , ,
4,Mon Feb 17 19:25:04 EST 2020,56,0,Assignment2Suite,ContainsTest0 EmptyTest0 FindMinMaxTest0 FindMinMaxTest1 HeightTest InsertAfterRemoveTest0 InsertAfterRemoveTest1 InsertAfterRemoveTest2 InsertTest0 InsertTest1 InsertTest2 SizeTest0 SizeTest1 SizeTest2 , ,ContainsTest1 EmptyTest1 FindMinMaxTest2 RemoveTest0 RemoveTest1 RemoveTest2 RemoveTest3 RemoveTest4 RemoveTest5 RemoveTest6 RemoveTest7 , ,
5,Mon Feb 17 20:14:58 EST 2020,100,44,Assignment2Suite,ContainsTest0 ContainsTest1+ EmptyTest0 EmptyTest1+ FindMinMaxTest0 FindMinMaxTest1 FindMinMaxTest2+ HeightTest InsertAfterRemoveTest0 InsertAfterRemoveTest1 InsertAfterRemoveTest2 InsertTest0 InsertTest1 InsertTest2 RemoveTest0+ RemoveTest1+ RemoveTest2+ RemoveTest3+ RemoveTest4+ RemoveTest5+ RemoveTest6+ RemoveTest7+ SizeTest0 SizeTest1 SizeTest2 , , , ,
6,Mon Feb 17 20:23:45 EST 2020,80,-20,Assignment2Suite,ContainsTest0 ContainsTest1 EmptyTest0 FindMinMaxTest0 FindMinMaxTest1 FindMinMaxTest2 HeightTest InsertAfterRemoveTest0 InsertAfterRemoveTest1 InsertAfterRemoveTest2 InsertTest0 InsertTest1 InsertTest2 RemoveTest0 RemoveTest2 RemoveTest3 RemoveTest4 SizeTest0 SizeTest1 SizeTest2 , ,EmptyTest1- RemoveTest1- RemoveTest5- RemoveTest6- RemoveTest7- , ,
7,Mon Feb 17 20:24:32 EST 2020,80,0,Assignment2Suite,ContainsTest0 ContainsTest1 EmptyTest0 FindMinMaxTest0 FindMinMaxTest1 FindMinMaxTest2 HeightTest InsertAfterRemoveTest0 InsertAfterRemoveTest1 InsertAfterRemoveTest2 InsertTest0 InsertTest1 InsertTest2 RemoveTest0 RemoveTest2 RemoveTest3 RemoveTest4 SizeTest0 SizeTest1 SizeTest2 , ,EmptyTest1 RemoveTest1 RemoveTest5 RemoveTest6 RemoveTest7 , ,
8,Mon Feb 17 20:25:19 EST 2020,56,-24,Assignment2Suite,ContainsTest0 EmptyTest0 FindMinMaxTest0 FindMinMaxTest1 HeightTest InsertAfterRemoveTest0 InsertAfterRemoveTest1 InsertAfterRemoveTest2 InsertTest0 InsertTest1 InsertTest2 SizeTest0 SizeTest1 SizeTest2 , ,ContainsTest1- EmptyTest1 FindMinMaxTest2- RemoveTest0- RemoveTest1 RemoveTest2- RemoveTest3- RemoveTest4- RemoveTest5 RemoveTest6 RemoveTest7 , ,
9,Mon Feb 17 20:25:51 EST 2020,56,0,Assignment2Suite,ContainsTest0 EmptyTest0 FindMinMaxTest0 FindMinMaxTest1 HeightTest InsertAfterRemoveTest0 InsertAfterRemoveTest1 InsertAfterRemoveTest2 InsertTest0 InsertTest1 InsertTest2 SizeTest0 SizeTest1 SizeTest2 , ,ContainsTest1 EmptyTest1 FindMinMaxTest2 RemoveTest0 RemoveTest1 RemoveTest2 RemoveTest3 RemoveTest4 RemoveTest5 RemoveTest6 RemoveTest7 , ,
10,Mon Feb 17 20:28:15 EST 2020,56,0,Assignment2Suite,ContainsTest0 EmptyTest0 FindMinMaxTest0 FindMinMaxTest1 HeightTest InsertAfterRemoveTest0 InsertAfterRemoveTest1 InsertAfterRemoveTest2 InsertTest0 InsertTest1 InsertTest2 SizeTest0 SizeTest1 SizeTest2 , ,ContainsTest1 EmptyTest1 FindMinMaxTest2 RemoveTest0 RemoveTest1 RemoveTest2 RemoveTest3 RemoveTest4 RemoveTest5 RemoveTest6 RemoveTest7 , ,
11,Mon Feb 17 20:29:08 EST 2020,56,0,Assignment2Suite,ContainsTest0 EmptyTest0 FindMinMaxTest0 FindMinMaxTest1 HeightTest InsertAfterRemoveTest0 InsertAfterRemoveTest1 InsertAfterRemoveTest2 InsertTest0 InsertTest1 InsertTest2 SizeTest0 SizeTest1 SizeTest2 , ,ContainsTest1 EmptyTest1 FindMinMaxTest2 RemoveTest0 RemoveTest1 RemoveTest2 RemoveTest3 RemoveTest4 RemoveTest5 RemoveTest6 RemoveTest7 , ,
12,Mon Feb 17 20:30:18 EST 2020,56,0,Assignment2Suite,ContainsTest0 EmptyTest0 FindMinMaxTest0 FindMinMaxTest1 HeightTest InsertAfterRemoveTest0 InsertAfterRemoveTest1 InsertAfterRemoveTest2 InsertTest0 InsertTest1 InsertTest2 SizeTest0 SizeTest1 SizeTest2 , ,ContainsTest1 EmptyTest1 FindMinMaxTest2 RemoveTest0 RemoveTest1 RemoveTest2 RemoveTest3 RemoveTest4 RemoveTest5 RemoveTest6 RemoveTest7 , ,
13,Mon Feb 17 20:31:03 EST 2020,100,44,Assignment2Suite,ContainsTest0 ContainsTest1+ EmptyTest0 EmptyTest1+ FindMinMaxTest0 FindMinMaxTest1 FindMinMaxTest2+ HeightTest InsertAfterRemoveTest0 InsertAfterRemoveTest1 InsertAfterRemoveTest2 InsertTest0 InsertTest1 InsertTest2 RemoveTest0+ RemoveTest1+ RemoveTest2+ RemoveTest3+ RemoveTest4+ RemoveTest5+ RemoveTest6+ RemoveTest7+ SizeTest0 SizeTest1 SizeTest2 , , , ,
14,Mon Feb 17 20:33:21 EST 2020,100,0,Assignment2Suite,ContainsTest0 ContainsTest1 EmptyTest0 EmptyTest1 FindMinMaxTest0 FindMinMaxTest1 FindMinMaxTest2 HeightTest InsertAfterRemoveTest0 InsertAfterRemoveTest1 InsertAfterRemoveTest2 InsertTest0 InsertTest1 InsertTest2 RemoveTest0 RemoveTest1 RemoveTest2 RemoveTest3 RemoveTest4 RemoveTest5 RemoveTest6 RemoveTest7 SizeTest0 SizeTest1 SizeTest2 , , , ,
15,Mon Feb 17 20:33:44 EST 2020,56,-44,Assignment2Suite,ContainsTest0 EmptyTest0 FindMinMaxTest0 FindMinMaxTest1 HeightTest InsertAfterRemoveTest0 InsertAfterRemoveTest1 InsertAfterRemoveTest2 InsertTest0 InsertTest1 InsertTest2 SizeTest0 SizeTest1 SizeTest2 , ,ContainsTest1- EmptyTest1- FindMinMaxTest2- RemoveTest0- RemoveTest1- RemoveTest2- RemoveTest3- RemoveTest4- RemoveTest5- RemoveTest6- RemoveTest7- , ,
16,Mon Feb 17 20:34:37 EST 2020,100,44,Assignment2Suite,ContainsTest0 ContainsTest1+ EmptyTest0 EmptyTest1+ FindMinMaxTest0 FindMinMaxTest1 FindMinMaxTest2+ HeightTest InsertAfterRemoveTest0 InsertAfterRemoveTest1 InsertAfterRemoveTest2 InsertTest0 InsertTest1 InsertTest2 RemoveTest0+ RemoveTest1+ RemoveTest2+ RemoveTest3+ RemoveTest4+ RemoveTest5+ RemoveTest6+ RemoveTest7+ SizeTest0 SizeTest1 SizeTest2 , , , ,
17,Mon Feb 17 20:35:17 EST 2020,100,0,Assignment2Suite,ContainsTest0 ContainsTest1 EmptyTest0 EmptyTest1 FindMinMaxTest0 FindMinMaxTest1 FindMinMaxTest2 HeightTest InsertAfterRemoveTest0 InsertAfterRemoveTest1 InsertAfterRemoveTest2 InsertTest0 InsertTest1 InsertTest2 RemoveTest0 RemoveTest1 RemoveTest2 RemoveTest3 RemoveTest4 RemoveTest5 RemoveTest6 RemoveTest7 SizeTest0 SizeTest1 SizeTest2 , , , ,
18,Mon Feb 17 20:35:54 EST 2020,100,0,Assignment2Suite,ContainsTest0 ContainsTest1 EmptyTest0 EmptyTest1 FindMinMaxTest0 FindMinMaxTest1 FindMinMaxTest2 HeightTest InsertAfterRemoveTest0 InsertAfterRemoveTest1 InsertAfterRemoveTest2 InsertTest0 InsertTest1 InsertTest2 RemoveTest0 RemoveTest1 RemoveTest2 RemoveTest3 RemoveTest4 RemoveTest5 RemoveTest6 RemoveTest7 SizeTest0 SizeTest1 SizeTest2 , , , ,
